Training File: I:\Lab\Real_Life_Event_Logs\BPI_Challenge_2015_2\data\SplitterByStartingTime\0.3\ReducerByTime\Pasquadibisceglie\inp_log_train_red_001.csv
 Training-Test-Ratio: 03
 Splitter: Time
 Reducer: Time
 Reduction Factor: 99
 Test File: I:\Lab\Real_Life_Event_Logs\BPI_Challenge_2015_2\data\SplitterByStartingTime\0.3\ReducerByTime\Pasquadibisceglie\inp_log_test.csv
              precision    recall  f1-score   support

          13    1.00000   1.00000   1.00000         1
          14    0.00000   0.00000   0.00000         1
          16    1.00000   0.66667   0.80000         6
          17    1.00000   0.50000   0.66667         6
          21    1.00000   1.00000   1.00000         1
          25    0.62500   0.83333   0.71429         6
          29    1.00000   1.00000   1.00000         1
          39    0.75000   0.50000   0.60000         6
          41    0.75000   0.50000   0.60000         6
          43    1.00000   0.33333   0.50000         6
          48    0.10345   1.00000   0.18750         6
          53    0.17241   0.83333   0.28571         6
          56    1.00000   0.50000   0.66667         6
          60    1.00000   0.66667   0.80000         6
          61    0.40000   0.66667   0.50000         6
          67    0.83333   1.00000   0.90909         5
          68    0.00000   0.00000   0.00000         5
          75    0.00000   0.00000   0.00000         6
          81    1.00000   0.66667   0.80000         6
          82    0.00000   0.00000   0.00000         6
          87    1.00000   1.00000   1.00000         1
          93    0.31250   0.83333   0.45455         6
         111    0.66667   0.66667   0.66667         6
         119    1.00000   0.66667   0.80000         6
         127    1.00000   0.50000   0.66667         6
         133    1.00000   1.00000   1.00000         1
         152    1.00000   0.40000   0.57143         5
         155    1.00000   0.50000   0.66667         6
         159    1.00000   0.16667   0.28571         6
         160    1.00000   0.66667   0.80000         6
         164    1.00000   0.16667   0.28571         6
         168    0.60000   0.50000   0.54545         6
         170    0.75000   0.50000   0.60000         6
         192    0.75000   0.50000   0.60000         6
         199    1.00000   1.00000   1.00000         1
         200    0.75000   0.50000   0.60000         6
         202    1.00000   0.66667   0.80000         6
         205    1.00000   0.50000   0.66667         6
         206    1.00000   0.50000   0.66667         6
         209    0.33333   0.50000   0.40000         6
         210    1.00000   1.00000   1.00000         1
         212    1.00000   0.16667   0.28571         6
         215    0.00000   0.00000   0.00000         6
         217    1.00000   0.33333   0.50000         6
         225    1.00000   0.66667   0.80000         6
         230    1.00000   0.66667   0.80000         6
         239    0.00000   0.00000   0.00000         6
         240    1.00000   1.00000   1.00000         1
         257    1.00000   1.00000   1.00000         1
         260    0.75000   0.75000   0.75000         4
         262    0.54545   1.00000   0.70588         6
         267    1.00000   0.66667   0.80000         6
         277    1.00000   1.00000   1.00000         1
         283    0.00000   0.00000   0.00000         1
         288    1.00000   0.50000   0.66667         6
         302    1.00000   0.66667   0.80000         6
         304    1.00000   1.00000   1.00000         1
         310    0.20000   1.00000   0.33333         6
         314    1.00000   0.66667   0.80000         6
         315    1.00000   0.66667   0.80000         6
         322    1.00000   0.50000   0.66667         6
         324    0.57143   0.66667   0.61538         6
         326    1.00000   0.66667   0.80000         6
         328    0.60000   0.75000   0.66667         4
         343    1.00000   0.16667   0.28571         6
         349    1.00000   0.33333   0.50000         6
         360    1.00000   0.33333   0.50000         6
         366    1.00000   0.66667   0.80000         6
         375    0.00000   0.00000   0.00000         1
         376    0.18750   0.50000   0.27273         6
         384    1.00000   0.83333   0.90909         6
         385    1.00000   0.66667   0.80000         6
         404    0.57143   0.66667   0.61538         6

    accuracy                        0.54848       361
   macro avg    0.75647   0.58767   0.61068       361
weighted avg    0.75291   0.54848   0.57663       361

Accuracy on test data: 0.15245051681995392
Loss on test data: 5.362977360016214              precision    recall  f1-score   support

           2    0.00000   0.00000   0.00000         9
           3    0.00000   0.00000   0.00000        18
           5    0.00000   0.00000   0.00000         4
           7    0.00000   0.00000   0.00000        52
           9    0.00000   0.00000   0.00000         3
          13    0.00000   0.00000   0.00000        11
          14    0.00000   0.00000   0.00000        11
          15    0.00000   0.00000   0.00000        14
          16    0.25862   0.08621   0.12931       174
          17    0.05882   0.00503   0.00926       199
          19    0.00000   0.00000   0.00000         3
          21    0.00000   0.00000   0.00000        11
          22    0.00000   0.00000   0.00000        31
          25    0.59048   0.64921   0.61845       191
          26    0.00000   0.00000   0.00000         3
          27    0.00000   0.00000   0.00000         1
          29    0.00000   0.00000   0.00000        11
          34    0.00000   0.00000   0.00000         3
          39    0.90698   0.37864   0.53425       206
          40    0.00000   0.00000   0.00000        14
          41    0.31683   0.16327   0.21549       196
          42    0.00000   0.00000   0.00000        30
          43    0.00000   0.00000   0.00000       196
          44    0.00000   0.00000   0.00000        11
          45    0.00000   0.00000   0.00000        30
          48    0.05487   0.91163   0.10351       215
          50    0.00000   0.00000   0.00000         1
          51    0.00000   0.00000   0.00000         2
          53    0.06483   0.45771   0.11358       201
          56    0.94737   0.06818   0.12721       264
          57    0.00000   0.00000   0.00000         8
          58    0.00000   0.00000   0.00000        10
          59    0.00000   0.00000   0.00000        13
          60    0.42574   0.21717   0.28763       198
          61    0.11111   0.05670   0.07509       194
          62    0.00000   0.00000   0.00000         1
          64    0.00000   0.00000   0.00000         2
          65    0.00000   0.00000   0.00000         1
          67    0.76889   0.81221   0.78995       213
          68    0.00000   0.00000   0.00000       100
          69    0.00000   0.00000   0.00000        11
          72    0.00000   0.00000   0.00000       153
          75    0.00000   0.00000   0.00000       103
          77    0.00000   0.00000   0.00000        14
          78    0.00000   0.00000   0.00000         2
          81    0.15254   0.08911   0.11250       101
          82    0.00000   0.00000   0.00000       234
          83    0.00000   0.00000   0.00000         7
          87    0.00000   0.00000   0.00000        11
          88    0.00000   0.00000   0.00000        11
          90    0.00000   0.00000   0.00000        22
          92    0.00000   0.00000   0.00000         3
          93    0.15027   0.70513   0.24775       156
          98    0.00000   0.00000   0.00000        52
         100    0.00000   0.00000   0.00000        15
         101    0.00000   0.00000   0.00000         4
         102    0.00000   0.00000   0.00000         2
         103    0.00000   0.00000   0.00000         1
         107    0.00000   0.00000   0.00000         1
         109    0.00000   0.00000   0.00000         3
         111    0.10759   0.08718   0.09632       195
         112    0.00000   0.00000   0.00000        30
         113    0.00000   0.00000   0.00000         3
         114    0.00000   0.00000   0.00000        13
         116    0.00000   0.00000   0.00000         1
         117    0.00000   0.00000   0.00000         3
         118    0.00000   0.00000   0.00000         2
         119    0.87692   0.57286   0.69301       199
         121    0.00000   0.00000   0.00000        37
         122    0.00000   0.00000   0.00000         1
         123    0.00000   0.00000   0.00000        36
         124    0.00000   0.00000   0.00000         2
         127    0.42105   0.11650   0.18251       206
         132    0.00000   0.00000   0.00000         9
         133    0.00000   0.00000   0.00000        11
         134    0.00000   0.00000   0.00000         8
         136    0.00000   0.00000   0.00000         8
         138    0.00000   0.00000   0.00000        17
         142    0.00000   0.00000   0.00000       111
         144    0.00000   0.00000   0.00000         1
         146    0.00000   0.00000   0.00000        34
         147    0.00000   0.00000   0.00000         2
         152    0.22321   0.35714   0.27473        70
         154    0.00000   0.00000   0.00000        11
         155    0.93333   0.14737   0.25455       190
         159    0.08333   0.00441   0.00837       227
         160    0.33333   0.09195   0.14414       174
         164    0.00000   0.00000   0.00000       245
         165    0.00000   0.00000   0.00000         8
         166    0.00000   0.00000   0.00000         1
         167    0.00000   0.00000   0.00000        13
         168    0.08451   0.17476   0.11392       206
         170    0.38235   0.17333   0.23853       225
         171    0.00000   0.00000   0.00000         9
         172    0.00000   0.00000   0.00000         1
         174    0.00000   0.00000   0.00000         2
         175    0.00000   0.00000   0.00000        14
         177    0.00000   0.00000   0.00000        56
         178    0.00000   0.00000   0.00000        10
         180    0.00000   0.00000   0.00000         8
         182    0.00000   0.00000   0.00000         1
         185    0.00000   0.00000   0.00000         1
         186    0.00000   0.00000   0.00000         8
         188    0.00000   0.00000   0.00000         9
         190    0.00000   0.00000   0.00000        14
         192    0.00000   0.00000   0.00000       201
         193    0.00000   0.00000   0.00000         9
         196    0.00000   0.00000   0.00000         1
         198    0.00000   0.00000   0.00000         1
         199    0.00000   0.00000   0.00000        11
         200    0.04132   0.02427   0.03058       206
         201    0.00000   0.00000   0.00000        22
         202    0.02985   0.02041   0.02424        98
         203    0.00000   0.00000   0.00000         1
         205    0.07143   0.01075   0.01869       186
         206    0.06250   0.00505   0.00935       198
         209    0.01051   0.17895   0.01985        95
         210    0.00000   0.00000   0.00000        11
         212    0.53333   0.03306   0.06226       242
         214    0.00000   0.00000   0.00000        11
         215    0.00000   0.00000   0.00000       248
         216    0.00000   0.00000   0.00000        13
         217    0.09091   0.00510   0.00966       196
         220    0.00000   0.00000   0.00000         2
         221    0.00000   0.00000   0.00000         1
         222    0.00000   0.00000   0.00000         9
         223    0.00000   0.00000   0.00000        10
         224    0.00000   0.00000   0.00000         3
         225    0.28125   0.09574   0.14286        94
         228    0.00000   0.00000   0.00000         2
         230    0.95122   0.59694   0.73354       196
         233    0.00000   0.00000   0.00000        22
         234    0.00000   0.00000   0.00000         1
         236    0.00000   0.00000   0.00000         1
         238    0.00000   0.00000   0.00000        12
         239    0.00000   0.00000   0.00000        97
         240    0.00000   0.00000   0.00000        11
         241    0.00000   0.00000   0.00000         9
         242    0.00000   0.00000   0.00000         2
         244    0.00000   0.00000   0.00000         1
         246    0.00000   0.00000   0.00000         7
         250    0.00000   0.00000   0.00000         1
         251    0.00000   0.00000   0.00000         1
         252    0.00000   0.00000   0.00000        45
         253    0.00000   0.00000   0.00000         9
         257    0.00000   0.00000   0.00000        11
         259    0.00000   0.00000   0.00000        15
         260    0.01235   0.00840   0.01000       119
         261    0.00000   0.00000   0.00000         7
         262    0.34339   0.74000   0.46910       200
         263    0.00000   0.00000   0.00000        56
         265    0.00000   0.00000   0.00000        12
         267    0.11628   0.02577   0.04219       194
         270    0.00000   0.00000   0.00000         1
         271    0.00000   0.00000   0.00000         1
         272    0.00000   0.00000   0.00000         1
         274    0.00000   0.00000   0.00000         6
         276    0.00000   0.00000   0.00000         2
         277    0.00000   0.00000   0.00000        11
         279    0.00000   0.00000   0.00000         1
         283    0.00000   0.00000   0.00000        11
         285    0.00000   0.00000   0.00000        12
         286    0.00000   0.00000   0.00000         2
         287    0.00000   0.00000   0.00000        12
         288    0.00000   0.00000   0.00000       206
         291    0.00000   0.00000   0.00000         3
         292    0.00000   0.00000   0.00000        10
         293    0.00000   0.00000   0.00000         3
         296    0.00000   0.00000   0.00000        37
         297    0.00000   0.00000   0.00000        14
         302    0.21854   0.18966   0.20308       174
         304    0.00000   0.00000   0.00000        11
         305    0.00000   0.00000   0.00000         1
         308    0.00000   0.00000   0.00000        37
         310    0.28294   0.88312   0.42857       231
         314    0.23699   0.23563   0.23631       174
         315    0.04688   0.06593   0.05479        91
         317    0.00000   0.00000   0.00000         3
         318    0.00000   0.00000   0.00000         1
         319    0.00000   0.00000   0.00000         1
         322    0.00000   0.00000   0.00000       186
         324    0.11875   0.11515   0.11692       165
         325    0.00000   0.00000   0.00000         2
         326    0.10000   0.01724   0.02941       174
         327    0.00000   0.00000   0.00000         1
         328    0.06122   0.02521   0.03571       119
         329    0.00000   0.00000   0.00000         3
         332    0.00000   0.00000   0.00000         3
         334    0.00000   0.00000   0.00000         4
         338    0.00000   0.00000   0.00000         3
         339    0.00000   0.00000   0.00000         3
         340    0.00000   0.00000   0.00000         1
         342    0.00000   0.00000   0.00000         2
         343    0.77778   0.02954   0.05691       237
         344    0.00000   0.00000   0.00000         2
         346    0.00000   0.00000   0.00000         9
         348    0.00000   0.00000   0.00000         4
         349    0.00000   0.00000   0.00000       195
         350    0.00000   0.00000   0.00000         3
         351    0.00000   0.00000   0.00000        45
         352    0.00000   0.00000   0.00000         1
         355    0.00000   0.00000   0.00000        12
         357    0.00000   0.00000   0.00000         2
         360    0.71429   0.02427   0.04695       206
         365    0.00000   0.00000   0.00000         1
         366    0.44444   0.08163   0.13793       196
         372    0.00000   0.00000   0.00000         1
         375    0.00000   0.00000   0.00000        35
         376    0.06368   0.22449   0.09921       196
         379    0.00000   0.00000   0.00000         1
         382    0.00000   0.00000   0.00000         1
         383    0.00000   0.00000   0.00000         1
         384    0.67925   0.21818   0.33028       165
         385    0.05051   0.02551   0.03390       196
         387    0.00000   0.00000   0.00000         3
         390    0.00000   0.00000   0.00000         9
         391    0.00000   0.00000   0.00000         1
         392    0.00000   0.00000   0.00000        55
         394    0.00000   0.00000   0.00000        12
         396    0.00000   0.00000   0.00000         6
         399    0.00000   0.00000   0.00000        13
         401    0.00000   0.00000   0.00000         1
         402    0.00000   0.00000   0.00000         8
         404    0.03704   0.00510   0.00897       196
         408    0.00000   0.00000   0.00000       103

    accuracy                        0.15245     12732
   macro avg    0.06502   0.04538   0.03894     12732
weighted avg    0.22788   0.15245   0.13070     12732

------------------------------------------
Training File: I:\Lab\Real_Life_Event_Logs\BPI_Challenge_2015_2\data\SplitterByStartingTime\0.3\ReducerByTime\Pasquadibisceglie\inp_log_train_red_005.csv
 Training-Test-Ratio: 03
 Splitter: Time
 Reducer: Time
 Reduction Factor: 95
 Test File: I:\Lab\Real_Life_Event_Logs\BPI_Challenge_2015_2\data\SplitterByStartingTime\0.3\ReducerByTime\Pasquadibisceglie\inp_log_test.csv
              precision    recall  f1-score   support

           2    1.00000   1.00000   1.00000         2
           5    1.00000   1.00000   1.00000         1
           7    1.00000   1.00000   1.00000         3
           9    1.00000   0.50000   0.66667         2
          13    0.00000   0.00000   0.00000         2
          14    0.50000   0.33333   0.40000         3
          15    1.00000   1.00000   1.00000         2
          16    0.73913   0.65385   0.69388        26
          17    0.92308   0.46154   0.61538        26
          19    1.00000   0.50000   0.66667         2
          21    0.00000   0.00000   0.00000         2
          22    0.00000   0.00000   0.00000         1
          25    0.83333   0.60000   0.69767        25
          26    0.00000   0.00000   0.00000         1
          29    1.00000   0.33333   0.50000         3
          32    0.00000   0.00000   0.00000         1
          34    1.00000   0.50000   0.66667         2
          37    1.00000   1.00000   1.00000         1
          39    0.94118   0.61538   0.74419        26
          40    1.00000   1.00000   1.00000         2
          41    0.93750   0.60000   0.73171        25
          42    0.00000   0.00000   0.00000         3
          43    1.00000   0.28000   0.43750        25
          44    1.00000   1.00000   1.00000         1
          45    0.00000   0.00000   0.00000         3
          48    1.00000   0.14815   0.25806        27
          51    0.50000   1.00000   0.66667         2
          53    0.56522   0.50000   0.53061        26
          55    1.00000   1.00000   1.00000         1
          56    0.94737   0.56250   0.70588        32
          58    1.00000   1.00000   1.00000         1
          59    1.00000   1.00000   1.00000         1
          60    0.80000   0.61538   0.69565        26
          61    0.84615   0.44000   0.57895        25
          64    0.00000   0.00000   0.00000         2
          67    0.04167   1.00000   0.08000        20
          68    0.50000   0.29630   0.37209        27
          69    1.00000   1.00000   1.00000         1
          71    1.00000   1.00000   1.00000         1
          72    0.00000   0.00000   0.00000         3
          75    0.22917   0.39286   0.28947        28
          77    1.00000   1.00000   1.00000         2
          81    0.89474   0.65385   0.75556        26
          82    0.80000   0.13793   0.23529        29
          87    0.00000   0.00000   0.00000         2
          88    1.00000   1.00000   1.00000         1
          90    1.00000   1.00000   1.00000         3
          92    1.00000   1.00000   1.00000         2
          93    0.88889   0.66667   0.76190        24
          98    1.00000   1.00000   1.00000         3
         100    1.00000   0.50000   0.66667         2
         101    1.00000   1.00000   1.00000         1
         109    1.00000   1.00000   1.00000         2
         111    0.64706   0.44000   0.52381        25
         112    0.00000   0.00000   0.00000         3
         113    1.00000   1.00000   1.00000         2
         114    1.00000   1.00000   1.00000         2
         117    1.00000   1.00000   1.00000         1
         119    1.00000   0.60000   0.75000        25
         121    1.00000   1.00000   1.00000         3
         127    0.76471   0.50000   0.60465        26
         132    1.00000   1.00000   1.00000         2
         133    0.00000   0.00000   0.00000         2
         134    1.00000   1.00000   1.00000         2
         137    1.00000   1.00000   1.00000         1
         139    1.00000   1.00000   1.00000         1
         146    1.00000   0.16667   0.28571         6
         152    1.00000   0.57143   0.72727        21
         154    1.00000   1.00000   1.00000         1
         155    0.88889   0.64000   0.74419        25
         159    1.00000   0.17241   0.29412        29
         160    0.75000   0.57692   0.65217        26
         164    0.03922   0.20690   0.06593        29
         165    1.00000   1.00000   1.00000         1
         167    1.00000   1.00000   1.00000         2
         168    0.50000   0.53846   0.51852        26
         170    0.75000   0.51724   0.61224        29
         171    1.00000   1.00000   1.00000         2
         173    1.00000   0.75000   0.85714         4
         175    1.00000   1.00000   1.00000         2
         177    1.00000   0.66667   0.80000         3
         178    1.00000   1.00000   1.00000         1
         180    1.00000   1.00000   1.00000         1
         186    1.00000   1.00000   1.00000         1
         188    1.00000   1.00000   1.00000         2
         190    1.00000   1.00000   1.00000         2
         192    0.47619   0.38462   0.42553        26
         193    1.00000   1.00000   1.00000         2
         199    0.00000   0.00000   0.00000         2
         200    0.52000   0.50000   0.50980        26
         201    0.00000   0.00000   0.00000         3
         202    0.94118   0.64000   0.76190        25
         203    1.00000   1.00000   1.00000         1
         205    0.44000   0.42308   0.43137        26
         206    0.63158   0.46154   0.53333        26
         209    0.61538   0.30769   0.41026        26
         210    0.00000   0.00000   0.00000         2
         212    1.00000   0.20690   0.34286        29
         214    1.00000   1.00000   1.00000         1
         215    0.66667   0.13333   0.22222        30
         216    1.00000   1.00000   1.00000         2
         217    0.71429   0.60000   0.65217        25
         222    1.00000   1.00000   1.00000         2
         223    1.00000   1.00000   1.00000         1
         225    1.00000   0.56522   0.72222        23
         228    1.00000   1.00000   1.00000         2
         229    1.00000   1.00000   1.00000         1
         230    0.93333   0.60870   0.73684        23
         233    1.00000   0.66667   0.80000         3
         236    1.00000   1.00000   1.00000         1
         238    1.00000   1.00000   1.00000         1
         239    0.66667   0.20690   0.31579        29
         240    1.00000   0.50000   0.66667         2
         241    1.00000   1.00000   1.00000         2
         246    1.00000   1.00000   1.00000         2
         252    0.00000   0.00000   0.00000         3
         253    1.00000   1.00000   1.00000         2
         257    0.00000   0.00000   0.00000         3
         259    1.00000   1.00000   1.00000         2
         260    0.90000   0.42857   0.58065        21
         261    1.00000   1.00000   1.00000         2
         262    0.73913   0.65385   0.69388        26
         263    1.00000   0.66667   0.80000         3
         265    1.00000   1.00000   1.00000         1
         267    0.83333   0.40000   0.54054        25
         268    0.00000   0.00000   0.00000         1
         274    1.00000   1.00000   1.00000         1
         276    1.00000   1.00000   1.00000         2
         277    1.00000   0.50000   0.66667         2
         283    1.00000   0.33333   0.50000         3
         285    1.00000   1.00000   1.00000         1
         286    1.00000   1.00000   1.00000         1
         287    0.00000   0.00000   0.00000         3
         288    0.85714   0.22222   0.35294        27
         291    1.00000   1.00000   1.00000         2
         292    1.00000   0.50000   0.66667         2
         296    1.00000   0.66667   0.80000         3
         297    1.00000   0.50000   0.66667         2
         300    1.00000   1.00000   1.00000         1
         302    0.75000   0.60000   0.66667        25
         304    1.00000   0.33333   0.50000         3
         308    1.00000   1.00000   1.00000         3
         310    1.00000   0.10000   0.18182        30
         314    0.83333   0.76923   0.80000        26
         315    0.51515   0.77273   0.61818        22
         317    1.00000   0.50000   0.66667         2
         322    0.80000   0.30769   0.44444        26
         324    0.72222   0.54167   0.61905        24
         326    0.78947   0.57692   0.66667        26
         328    0.72727   0.38095   0.50000        21
         329    1.00000   1.00000   1.00000         2
         332    1.00000   0.50000   0.66667         2
         334    1.00000   1.00000   1.00000         1
         338    1.00000   1.00000   1.00000         2
         342    1.00000   1.00000   1.00000         1
         343    1.00000   0.20690   0.34286        29
         346    1.00000   1.00000   1.00000         2
         349    1.00000   0.28000   0.43750        25
         350    1.00000   0.50000   0.66667         2
         351    1.00000   1.00000   1.00000         3
         355    1.00000   1.00000   1.00000         1
         357    1.00000   1.00000   1.00000         2
         360    1.00000   0.57692   0.73171        26
         366    1.00000   0.64000   0.78049        25
         375    0.03571   0.20000   0.06061        10
         376    0.91667   0.44000   0.59459        25
         384    1.00000   0.45833   0.62857        24
         385    0.75000   0.48000   0.58537        25
         387    1.00000   0.50000   0.66667         2
         390    1.00000   1.00000   1.00000         2
         392    1.00000   1.00000   1.00000         3
         394    1.00000   1.00000   1.00000         1
         396    1.00000   1.00000   1.00000         1
         399    1.00000   1.00000   1.00000         2
         404    0.81250   0.52000   0.63415        25
         406    1.00000   1.00000   1.00000         1

    accuracy                        0.48716      1753
   macro avg    0.80576   0.64715   0.68813      1753
weighted avg    0.77507   0.48716   0.55766      1753

Accuracy on test data: 0.19981150329113007
Loss on test data: 4.583138924292188              precision    recall  f1-score   support

           2    0.00000   0.00000   0.00000         9
           3    0.00000   0.00000   0.00000        18
           5    0.00000   0.00000   0.00000         4
           7    0.66667   0.07692   0.13793        52
           9    0.00000   0.00000   0.00000         3
          13    0.00000   0.00000   0.00000        11
          14    0.00000   0.00000   0.00000        11
          15    0.00000   0.00000   0.00000        14
          16    0.25556   0.26437   0.25989       174
          17    0.20000   0.00503   0.00980       199
          19    0.00000   0.00000   0.00000         3
          21    0.00000   0.00000   0.00000        11
          22    0.00000   0.00000   0.00000        31
          25    0.76963   0.76963   0.76963       191
          26    0.00000   0.00000   0.00000         3
          27    0.00000   0.00000   0.00000         1
          29    0.00000   0.00000   0.00000        11
          34    0.00000   0.00000   0.00000         3
          39    0.93678   0.79126   0.85789       206
          40    0.00000   0.00000   0.00000        14
          41    0.44604   0.31633   0.37015       196
          42    0.00000   0.00000   0.00000        30
          43    0.20000   0.00510   0.00995       196
          44    0.00000   0.00000   0.00000        11
          45    0.00000   0.00000   0.00000        30
          48    0.00000   0.00000   0.00000       215
          50    0.00000   0.00000   0.00000         1
          51    0.00000   0.00000   0.00000         2
          53    0.04912   0.06965   0.05761       201
          56    0.75581   0.49242   0.59633       264
          57    0.00000   0.00000   0.00000         8
          58    0.00000   0.00000   0.00000        10
          59    0.00000   0.00000   0.00000        13
          60    0.43860   0.37879   0.40650       198
          61    0.10638   0.02577   0.04149       194
          62    0.00000   0.00000   0.00000         1
          64    0.00000   0.00000   0.00000         2
          65    0.00000   0.00000   0.00000         1
          67    0.04442   0.99531   0.08504       213
          68    0.39062   0.25000   0.30488       100
          69    0.00000   0.00000   0.00000        11
          72    0.00000   0.00000   0.00000       153
          75    0.21875   0.33981   0.26616       103
          77    0.00000   0.00000   0.00000        14
          78    0.00000   0.00000   0.00000         2
          81    0.13492   0.16832   0.14978       101
          82    0.33333   0.00427   0.00844       234
          83    0.00000   0.00000   0.00000         7
          87    0.00000   0.00000   0.00000        11
          88    0.00000   0.00000   0.00000        11
          90    0.00000   0.00000   0.00000        22
          92    0.00000   0.00000   0.00000         3
          93    0.53614   0.57051   0.55280       156
          98    0.00000   0.00000   0.00000        52
         100    0.00000   0.00000   0.00000        15
         101    0.00000   0.00000   0.00000         4
         102    0.00000   0.00000   0.00000         2
         103    0.00000   0.00000   0.00000         1
         107    0.00000   0.00000   0.00000         1
         109    0.00000   0.00000   0.00000         3
         111    0.17318   0.15897   0.16578       195
         112    0.00000   0.00000   0.00000        30
         113    0.00000   0.00000   0.00000         3
         114    0.00000   0.00000   0.00000        13
         116    0.00000   0.00000   0.00000         1
         117    0.00000   0.00000   0.00000         3
         118    0.00000   0.00000   0.00000         2
         119    0.90210   0.64824   0.75439       199
         121    0.00000   0.00000   0.00000        37
         122    0.00000   0.00000   0.00000         1
         123    0.00000   0.00000   0.00000        36
         124    0.00000   0.00000   0.00000         2
         127    0.71311   0.42233   0.53049       206
         132    0.00000   0.00000   0.00000         9
         133    0.00000   0.00000   0.00000        11
         134    0.00000   0.00000   0.00000         8
         136    0.00000   0.00000   0.00000         8
         138    0.00000   0.00000   0.00000        17
         142    0.00000   0.00000   0.00000       111
         144    0.00000   0.00000   0.00000         1
         146    0.00000   0.00000   0.00000        34
         147    0.00000   0.00000   0.00000         2
         152    0.28713   0.41429   0.33918        70
         154    0.00000   0.00000   0.00000        11
         155    0.87500   0.73684   0.80000       190
         159    0.29268   0.05286   0.08955       227
         160    0.24561   0.08046   0.12121       174
         164    0.00658   0.03673   0.01117       245
         165    0.00000   0.00000   0.00000         8
         166    0.00000   0.00000   0.00000         1
         167    0.00000   0.00000   0.00000        13
         168    0.34688   0.62136   0.44522       206
         170    0.52475   0.23556   0.32515       225
         171    0.00000   0.00000   0.00000         9
         172    0.00000   0.00000   0.00000         1
         173    0.00000   0.00000   0.00000         0
         174    0.00000   0.00000   0.00000         2
         175    0.00000   0.00000   0.00000        14
         177    0.00000   0.00000   0.00000        56
         178    0.00000   0.00000   0.00000        10
         180    0.00000   0.00000   0.00000         8
         182    0.00000   0.00000   0.00000         1
         185    0.00000   0.00000   0.00000         1
         186    0.00000   0.00000   0.00000         8
         188    0.00000   0.00000   0.00000         9
         190    0.00000   0.00000   0.00000        14
         192    0.11386   0.11443   0.11414       201
         193    0.00000   0.00000   0.00000         9
         196    0.00000   0.00000   0.00000         1
         198    0.00000   0.00000   0.00000         1
         199    0.00000   0.00000   0.00000        11
         200    0.07821   0.06796   0.07273       206
         201    0.00000   0.00000   0.00000        22
         202    0.21622   0.08163   0.11852        98
         203    0.00000   0.00000   0.00000         1
         205    0.09268   0.20430   0.12752       186
         206    0.07111   0.08081   0.07565       198
         209    0.04348   0.04211   0.04278        95
         210    0.00000   0.00000   0.00000        11
         212    0.38235   0.05372   0.09420       242
         214    0.00000   0.00000   0.00000        11
         215    0.00000   0.00000   0.00000       248
         216    0.00000   0.00000   0.00000        13
         217    0.34799   0.48469   0.40512       196
         220    0.00000   0.00000   0.00000         2
         221    0.00000   0.00000   0.00000         1
         222    0.00000   0.00000   0.00000         9
         223    0.00000   0.00000   0.00000        10
         224    0.00000   0.00000   0.00000         3
         225    0.04000   0.02128   0.02778        94
         228    0.00000   0.00000   0.00000         2
         230    0.85057   0.75510   0.80000       196
         233    0.00000   0.00000   0.00000        22
         234    0.00000   0.00000   0.00000         1
         236    0.00000   0.00000   0.00000         1
         238    0.00000   0.00000   0.00000        12
         239    0.06433   0.11340   0.08209        97
         240    0.00000   0.00000   0.00000        11
         241    0.00000   0.00000   0.00000         9
         242    0.00000   0.00000   0.00000         2
         244    0.00000   0.00000   0.00000         1
         246    0.00000   0.00000   0.00000         7
         250    0.00000   0.00000   0.00000         1
         251    0.00000   0.00000   0.00000         1
         252    0.00000   0.00000   0.00000        45
         253    0.00000   0.00000   0.00000         9
         257    0.00000   0.00000   0.00000        11
         259    0.00000   0.00000   0.00000        15
         260    0.25926   0.05882   0.09589       119
         261    0.00000   0.00000   0.00000         7
         262    0.70166   0.63500   0.66667       200
         263    0.00000   0.00000   0.00000        56
         265    0.00000   0.00000   0.00000        12
         267    0.00000   0.00000   0.00000       194
         270    0.00000   0.00000   0.00000         1
         271    0.00000   0.00000   0.00000         1
         272    0.00000   0.00000   0.00000         1
         274    0.00000   0.00000   0.00000         6
         276    0.00000   0.00000   0.00000         2
         277    0.00000   0.00000   0.00000        11
         279    0.00000   0.00000   0.00000         1
         283    0.00000   0.00000   0.00000        11
         285    0.00000   0.00000   0.00000        12
         286    0.00000   0.00000   0.00000         2
         287    0.00000   0.00000   0.00000        12
         288    0.14286   0.00971   0.01818       206
         291    0.00000   0.00000   0.00000         3
         292    0.00000   0.00000   0.00000        10
         293    0.00000   0.00000   0.00000         3
         296    0.00000   0.00000   0.00000        37
         297    0.00000   0.00000   0.00000        14
         302    0.32639   0.27011   0.29560       174
         304    0.00000   0.00000   0.00000        11
         305    0.00000   0.00000   0.00000         1
         308    0.00000   0.00000   0.00000        37
         310    0.33333   0.00433   0.00855       231
         314    0.46721   0.32759   0.38514       174
         315    0.10556   0.20879   0.14022        91
         317    0.00000   0.00000   0.00000         3
         318    0.00000   0.00000   0.00000         1
         319    0.00000   0.00000   0.00000         1
         322    0.13333   0.02151   0.03704       186
         324    0.13115   0.04848   0.07080       165
         325    0.00000   0.00000   0.00000         2
         326    0.33333   0.01149   0.02222       174
         327    0.00000   0.00000   0.00000         1
         328    0.07798   0.14286   0.10089       119
         329    0.00000   0.00000   0.00000         3
         332    0.00000   0.00000   0.00000         3
         334    0.00000   0.00000   0.00000         4
         338    0.00000   0.00000   0.00000         3
         339    0.00000   0.00000   0.00000         3
         340    0.00000   0.00000   0.00000         1
         342    0.00000   0.00000   0.00000         2
         343    0.38710   0.05063   0.08955       237
         344    0.00000   0.00000   0.00000         2
         346    0.00000   0.00000   0.00000         9
         348    0.00000   0.00000   0.00000         4
         349    0.00000   0.00000   0.00000       195
         350    0.00000   0.00000   0.00000         3
         351    0.11111   0.02222   0.03704        45
         352    0.00000   0.00000   0.00000         1
         355    0.00000   0.00000   0.00000        12
         357    0.00000   0.00000   0.00000         2
         360    0.96377   0.64563   0.77326       206
         365    0.00000   0.00000   0.00000         1
         366    0.97297   0.18367   0.30901       196
         372    0.00000   0.00000   0.00000         1
         375    0.01156   0.05714   0.01923        35
         376    0.23077   0.03061   0.05405       196
         379    0.00000   0.00000   0.00000         1
         382    0.00000   0.00000   0.00000         1
         383    0.00000   0.00000   0.00000         1
         384    0.75000   0.03636   0.06936       165
         385    0.27941   0.09694   0.14394       196
         387    0.00000   0.00000   0.00000         3
         390    0.00000   0.00000   0.00000         9
         391    0.00000   0.00000   0.00000         1
         392    0.33333   0.01818   0.03448        55
         394    0.00000   0.00000   0.00000        12
         396    0.00000   0.00000   0.00000         6
         399    0.00000   0.00000   0.00000        13
         401    0.00000   0.00000   0.00000         1
         402    0.00000   0.00000   0.00000         8
         404    0.28571   0.03061   0.05530       196
         408    0.00000   0.00000   0.00000       103

    accuracy                        0.19981     12732
   macro avg    0.09066   0.06133   0.06130     12732
weighted avg    0.29470   0.19981   0.20031     12732

------------------------------------------
Training File: I:\Lab\Real_Life_Event_Logs\BPI_Challenge_2015_2\data\SplitterByStartingTime\0.3\ReducerByTime\Pasquadibisceglie\inp_log_train_red_01.csv
 Training-Test-Ratio: 03
 Splitter: Time
 Reducer: Time
 Reduction Factor: 90
 Test File: I:\Lab\Real_Life_Event_Logs\BPI_Challenge_2015_2\data\SplitterByStartingTime\0.3\ReducerByTime\Pasquadibisceglie\inp_log_test.csv
              precision    recall  f1-score   support

           2    1.00000   0.66667   0.80000         3
           5    1.00000   1.00000   1.00000         1
           7    0.75000   0.37500   0.50000         8
           9    1.00000   0.60000   0.75000         5
          13    1.00000   0.20000   0.33333         5
          14    1.00000   0.33333   0.50000         6
          15    1.00000   1.00000   1.00000         2
          16    0.61538   0.71111   0.65979        45
          17    1.00000   0.04651   0.08889        43
          19    1.00000   0.50000   0.66667         4
          21    1.00000   0.60000   0.75000         5
          22    1.00000   1.00000   1.00000         2
          25    0.96154   0.58140   0.72464        43
          26    0.00000   0.00000   0.00000         1
          29    1.00000   0.33333   0.50000         6
          32    1.00000   1.00000   1.00000         2
          34    1.00000   1.00000   1.00000         4
          37    1.00000   0.50000   0.66667         2
          39    0.96000   0.54545   0.69565        44
          40    1.00000   1.00000   1.00000         2
          41    0.94737   0.42857   0.59016        42
          42    0.00000   0.00000   0.00000        13
          43    1.00000   0.07143   0.13333        42
          44    1.00000   1.00000   1.00000         1
          45    0.00000   0.00000   0.00000        13
          46    0.00000   0.00000   0.00000         1
          48    1.00000   0.06977   0.13043        43
          49    0.00000   0.00000   0.00000         1
          50    0.00000   0.00000   0.00000         2
          51    1.00000   1.00000   1.00000         4
          53    1.00000   0.27907   0.43636        43
          55    1.00000   1.00000   1.00000         2
          56    0.96154   0.45455   0.61728        55
          58    1.00000   1.00000   1.00000         1
          59    1.00000   1.00000   1.00000         1
          60    0.75000   0.62791   0.68354        43
          61    1.00000   0.34146   0.50909        41
          64    1.00000   1.00000   1.00000         4
          67    0.09608   1.00000   0.17531        49
          68    1.00000   0.05357   0.10169        56
          69    1.00000   1.00000   1.00000         2
          71    0.00000   0.00000   0.00000         3
          72    0.00000   0.00000   0.00000         4
          75    0.03745   0.17857   0.06192        56
          77    1.00000   1.00000   1.00000         2
          81    0.86667   0.56522   0.68421        46
          82    0.42857   0.05455   0.09677        55
          87    1.00000   0.20000   0.33333         5
          88    1.00000   1.00000   1.00000         1
          90    1.00000   0.60000   0.75000         5
          92    1.00000   0.60000   0.75000         5
          93    0.19643   0.80488   0.31579        41
          98    1.00000   0.25000   0.40000         8
         100    1.00000   1.00000   1.00000         2
         101    0.00000   0.00000   0.00000         1
         106    0.00000   0.00000   0.00000         1
         109    1.00000   0.75000   0.85714         4
         111    0.92308   0.28571   0.43636        42
         112    0.00000   0.00000   0.00000        13
         113    1.00000   1.00000   1.00000         4
         114    1.00000   1.00000   1.00000         2
         117    1.00000   1.00000   1.00000         1
         119    1.00000   0.58140   0.73529        43
         121    1.00000   0.60000   0.75000         5
         127    0.89474   0.38636   0.53968        44
         132    1.00000   1.00000   1.00000         3
         133    1.00000   0.40000   0.57143         5
         134    1.00000   0.66667   0.80000         3
         136    0.00000   0.00000   0.00000         2
         137    1.00000   1.00000   1.00000         2
         139    1.00000   0.50000   0.66667         2
         146    0.55000   0.45833   0.50000        24
         152    0.91667   0.62857   0.74576        35
         154    1.00000   1.00000   1.00000         1
         155    1.00000   0.57143   0.72727        42
         159    0.77778   0.13725   0.23333        51
         160    0.90909   0.66667   0.76923        45
         164    1.00000   0.03571   0.06897        56
         165    1.00000   0.50000   0.66667         2
         167    1.00000   1.00000   1.00000         2
         168    0.80769   0.47727   0.60000        44
         170    0.75000   0.42000   0.53846        50
         171    1.00000   0.66667   0.80000         3
         173    0.88889   0.76190   0.82051        21
         175    1.00000   1.00000   1.00000         2
         177    1.00000   0.33333   0.50000         3
         178    1.00000   0.66667   0.80000         3
         180    1.00000   1.00000   1.00000         2
         185    0.00000   0.00000   0.00000         1
         186    1.00000   1.00000   1.00000         1
         188    1.00000   1.00000   1.00000         3
         190    1.00000   0.50000   0.66667         2
         192    1.00000   0.25581   0.40741        43
         193    1.00000   1.00000   1.00000         3
         196    0.00000   0.00000   0.00000         2
         199    1.00000   0.40000   0.57143         5
         200    1.00000   0.22727   0.37037        44
         201    0.00000   0.00000   0.00000        13
         202    0.77419   0.57143   0.65753        42
         203    1.00000   1.00000   1.00000         1
         205    0.16822   0.40909   0.23841        44
         206    0.55814   0.55814   0.55814        43
         209    0.46154   0.40909   0.43373        44
         210    1.00000   0.40000   0.57143         5
         212    0.83333   0.09091   0.16393        55
         214    1.00000   1.00000   1.00000         1
         215    0.02793   0.33898   0.05161        59
         216    0.00000   0.00000   0.00000         2
         217    0.81818   0.42857   0.56250        42
         222    0.50000   1.00000   0.66667         3
         223    1.00000   1.00000   1.00000         1
         225    0.88889   0.34783   0.50000        23
         228    1.00000   1.00000   1.00000         4
         229    1.00000   1.00000   1.00000         2
         230    1.00000   0.18421   0.31111        38
         233    1.00000   0.40000   0.57143         5
         236    1.00000   1.00000   1.00000         1
         238    1.00000   1.00000   1.00000         1
         239    0.00000   0.00000   0.00000        58
         240    1.00000   0.40000   0.57143         5
         241    0.60000   1.00000   0.75000         3
         246    1.00000   1.00000   1.00000         3
         252    0.00000   0.00000   0.00000         4
         253    1.00000   1.00000   1.00000         3
         257    1.00000   0.50000   0.66667         6
         259    1.00000   1.00000   1.00000         2
         260    1.00000   0.13333   0.23529        30
         261    1.00000   1.00000   1.00000         3
         262    0.86667   0.30233   0.44828        43
         263    1.00000   0.12500   0.22222         8
         265    1.00000   1.00000   1.00000         1
         267    1.00000   0.04878   0.09302        41
         268    0.00000   0.00000   0.00000         1
         274    1.00000   1.00000   1.00000         1
         276    1.00000   1.00000   1.00000         4
         277    1.00000   0.40000   0.57143         5
         283    0.66667   0.33333   0.44444         6
         285    1.00000   1.00000   1.00000         1
         286    1.00000   1.00000   1.00000         1
         287    0.00000   0.00000   0.00000        13
         288    0.60000   0.20000   0.30000        45
         290    1.00000   1.00000   1.00000         1
         291    1.00000   0.60000   0.75000         5
         292    0.00000   0.00000   0.00000         3
         296    1.00000   0.80000   0.88889         5
         297    1.00000   1.00000   1.00000         2
         300    1.00000   0.50000   0.66667         2
         302    0.47297   0.79545   0.59322        44
         304    1.00000   0.33333   0.50000         6
         308    1.00000   0.40000   0.57143         5
         310    0.50000   0.03571   0.06667        56
         314    0.87500   0.77778   0.82353        45
         315    1.00000   0.36364   0.53333        22
         317    0.23529   0.80000   0.36364         5
         322    1.00000   0.25000   0.40000        44
         324    0.43284   0.70732   0.53704        41
         326    1.00000   0.13333   0.23529        45
         328    1.00000   0.20690   0.34286        29
         329    0.50000   1.00000   0.66667         4
         332    1.00000   0.80000   0.88889         5
         333    0.00000   0.00000   0.00000         2
         334    1.00000   1.00000   1.00000         1
         338    1.00000   1.00000   1.00000         4
         340    1.00000   0.50000   0.66667         2
         342    1.00000   1.00000   1.00000         1
         343    0.75000   0.10909   0.19048        55
         346    0.50000   1.00000   0.66667         3
         349    1.00000   0.38095   0.55172        42
         350    1.00000   1.00000   1.00000         5
         351    1.00000   0.83333   0.90909         6
         355    1.00000   1.00000   1.00000         1
         357    1.00000   1.00000   1.00000         4
         360    0.95833   0.52273   0.67647        44
         366    1.00000   0.69048   0.81690        42
         375    0.00000   0.00000   0.00000        10
         376    0.71429   0.23810   0.35714        42
         384    0.96552   0.68293   0.80000        41
         385    1.00000   0.16667   0.28571        42
         387    1.00000   0.50000   0.66667         4
         390    1.00000   0.66667   0.80000         3
         392    0.83333   0.62500   0.71429         8
         394    1.00000   1.00000   1.00000         1
         396    1.00000   1.00000   1.00000         1
         399    1.00000   1.00000   1.00000         2
         402    0.00000   0.00000   0.00000         2
         404    1.00000   0.26190   0.41509        42
         406    1.00000   1.00000   1.00000         2

    accuracy                        0.38653      3089
   macro avg    0.78872   0.55996   0.60151      3089
weighted avg    0.75900   0.38653   0.43443      3089

Accuracy on test data: 0.1116870865225792
Loss on test data: 4.823001543980442              precision    recall  f1-score   support

           2    0.00000   0.00000   0.00000         9
           3    0.00000   0.00000   0.00000        18
           5    0.00000   0.00000   0.00000         4
           7    0.42857   0.17308   0.24658        52
           9    0.00000   0.00000   0.00000         3
          13    0.00000   0.00000   0.00000        11
          14    0.00000   0.00000   0.00000        11
          15    0.00000   0.00000   0.00000        14
          16    0.27885   0.33333   0.30366       174
          17    0.00000   0.00000   0.00000       199
          19    0.00000   0.00000   0.00000         3
          21    0.00000   0.00000   0.00000        11
          22    0.00000   0.00000   0.00000        31
          25    0.82075   0.45550   0.58586       191
          26    0.00000   0.00000   0.00000         3
          27    0.00000   0.00000   0.00000         1
          29    0.00000   0.00000   0.00000        11
          34    0.00000   0.00000   0.00000         3
          39    0.94059   0.46117   0.61889       206
          40    0.00000   0.00000   0.00000        14
          41    0.64516   0.10204   0.17621       196
          42    0.00000   0.00000   0.00000        30
          43    0.00000   0.00000   0.00000       196
          44    0.00000   0.00000   0.00000        11
          45    0.00000   0.00000   0.00000        30
          48    0.00000   0.00000   0.00000       215
          50    0.00000   0.00000   0.00000         1
          51    0.00000   0.00000   0.00000         2
          53    0.00000   0.00000   0.00000       201
          56    0.60000   0.11364   0.19108       264
          57    0.00000   0.00000   0.00000         8
          58    0.00000   0.00000   0.00000        10
          59    0.00000   0.00000   0.00000        13
          60    0.41772   0.16667   0.23827       198
          61    0.00000   0.00000   0.00000       194
          62    0.00000   0.00000   0.00000         1
          64    0.00000   0.00000   0.00000         2
          65    0.00000   0.00000   0.00000         1
          67    0.05756   0.99531   0.10883       213
          68    0.00000   0.00000   0.00000       100
          69    0.00000   0.00000   0.00000        11
          72    0.00000   0.00000   0.00000       153
          75    0.01282   0.11650   0.02310       103
          77    0.00000   0.00000   0.00000        14
          78    0.00000   0.00000   0.00000         2
          81    0.15217   0.06931   0.09524       101
          82    0.00000   0.00000   0.00000       234
          83    0.00000   0.00000   0.00000         7
          87    0.00000   0.00000   0.00000        11
          88    0.00000   0.00000   0.00000        11
          90    0.00000   0.00000   0.00000        22
          92    0.00000   0.00000   0.00000         3
          93    0.10445   0.78205   0.18429       156
          98    0.50000   0.01923   0.03704        52
         100    0.00000   0.00000   0.00000        15
         101    0.00000   0.00000   0.00000         4
         102    0.00000   0.00000   0.00000         2
         103    0.00000   0.00000   0.00000         1
         107    0.00000   0.00000   0.00000         1
         109    0.00000   0.00000   0.00000         3
         111    0.13333   0.01026   0.01905       195
         112    0.00000   0.00000   0.00000        30
         113    0.00000   0.00000   0.00000         3
         114    0.00000   0.00000   0.00000        13
         116    0.00000   0.00000   0.00000         1
         117    0.00000   0.00000   0.00000         3
         118    0.00000   0.00000   0.00000         2
         119    0.92500   0.37186   0.53047       199
         121    0.00000   0.00000   0.00000        37
         122    0.00000   0.00000   0.00000         1
         123    0.00000   0.00000   0.00000        36
         124    0.00000   0.00000   0.00000         2
         127    0.95000   0.09223   0.16814       206
         132    1.00000   0.22222   0.36364         9
         133    0.00000   0.00000   0.00000        11
         134    0.00000   0.00000   0.00000         8
         136    0.00000   0.00000   0.00000         8
         138    0.00000   0.00000   0.00000        17
         142    0.00000   0.00000   0.00000       111
         144    0.00000   0.00000   0.00000         1
         146    0.10714   0.08824   0.09677        34
         147    0.00000   0.00000   0.00000         2
         152    0.36585   0.21429   0.27027        70
         154    0.00000   0.00000   0.00000        11
         155    0.85047   0.47895   0.61279       190
         159    0.14286   0.00441   0.00855       227
         160    0.46667   0.08046   0.13725       174
         164    0.25000   0.00408   0.00803       245
         165    0.00000   0.00000   0.00000         8
         166    0.00000   0.00000   0.00000         1
         167    0.00000   0.00000   0.00000        13
         168    0.51282   0.09709   0.16327       206
         170    0.41667   0.06667   0.11494       225
         171    0.00000   0.00000   0.00000         9
         172    0.00000   0.00000   0.00000         1
         173    0.00000   0.00000   0.00000         0
         174    0.00000   0.00000   0.00000         2
         175    0.00000   0.00000   0.00000        14
         177    0.00000   0.00000   0.00000        56
         178    0.00000   0.00000   0.00000        10
         180    0.00000   0.00000   0.00000         8
         182    0.00000   0.00000   0.00000         1
         185    0.00000   0.00000   0.00000         1
         186    0.00000   0.00000   0.00000         8
         188    0.00000   0.00000   0.00000         9
         190    0.00000   0.00000   0.00000        14
         192    0.50000   0.00498   0.00985       201
         193    1.00000   0.11111   0.20000         9
         196    0.00000   0.00000   0.00000         1
         198    0.00000   0.00000   0.00000         1
         199    0.00000   0.00000   0.00000        11
         200    0.40000   0.00971   0.01896       206
         201    0.00000   0.00000   0.00000        22
         202    0.06818   0.06122   0.06452        98
         203    0.00000   0.00000   0.00000         1
         205    0.06551   0.18280   0.09645       186
         206    0.12245   0.03030   0.04858       198
         209    0.03315   0.06316   0.04348        95
         210    0.00000   0.00000   0.00000        11
         212    0.50000   0.03306   0.06202       242
         214    0.00000   0.00000   0.00000        11
         215    0.01639   0.25403   0.03080       248
         216    0.00000   0.00000   0.00000        13
         217    0.08280   0.06633   0.07365       196
         220    0.00000   0.00000   0.00000         2
         221    0.00000   0.00000   0.00000         1
         222    0.11765   0.22222   0.15385         9
         223    0.00000   0.00000   0.00000        10
         224    0.00000   0.00000   0.00000         3
         225    0.00000   0.00000   0.00000        94
         228    0.00000   0.00000   0.00000         2
         230    1.00000   0.10204   0.18519       196
         233    0.00000   0.00000   0.00000        22
         234    0.00000   0.00000   0.00000         1
         236    0.00000   0.00000   0.00000         1
         238    0.00000   0.00000   0.00000        12
         239    0.00000   0.00000   0.00000        97
         240    0.00000   0.00000   0.00000        11
         241    0.00000   0.00000   0.00000         9
         242    0.00000   0.00000   0.00000         2
         244    0.00000   0.00000   0.00000         1
         246    0.00000   0.00000   0.00000         7
         250    0.00000   0.00000   0.00000         1
         251    0.00000   0.00000   0.00000         1
         252    0.00000   0.00000   0.00000        45
         253    0.00000   0.00000   0.00000         9
         257    0.00000   0.00000   0.00000        11
         259    0.00000   0.00000   0.00000        15
         260    0.00000   0.00000   0.00000       119
         261    0.00000   0.00000   0.00000         7
         262    1.00000   0.08000   0.14815       200
         263    0.00000   0.00000   0.00000        56
         265    0.00000   0.00000   0.00000        12
         267    0.00000   0.00000   0.00000       194
         270    0.00000   0.00000   0.00000         1
         271    0.00000   0.00000   0.00000         1
         272    0.00000   0.00000   0.00000         1
         274    0.00000   0.00000   0.00000         6
         276    0.00000   0.00000   0.00000         2
         277    0.00000   0.00000   0.00000        11
         279    0.00000   0.00000   0.00000         1
         283    0.00000   0.00000   0.00000        11
         285    0.00000   0.00000   0.00000        12
         286    0.00000   0.00000   0.00000         2
         287    0.00000   0.00000   0.00000        12
         288    0.11765   0.01942   0.03333       206
         291    0.00000   0.00000   0.00000         3
         292    0.00000   0.00000   0.00000        10
         293    0.00000   0.00000   0.00000         3
         296    0.00000   0.00000   0.00000        37
         297    0.00000   0.00000   0.00000        14
         302    0.23729   0.48276   0.31818       174
         304    0.00000   0.00000   0.00000        11
         305    0.00000   0.00000   0.00000         1
         308    0.00000   0.00000   0.00000        37
         310    0.50000   0.00433   0.00858       231
         314    0.63158   0.20690   0.31169       174
         315    0.00000   0.00000   0.00000        91
         317    0.00000   0.00000   0.00000         3
         318    0.00000   0.00000   0.00000         1
         319    0.00000   0.00000   0.00000         1
         322    0.20000   0.00538   0.01047       186
         324    0.19767   0.20606   0.20178       165
         325    0.00000   0.00000   0.00000         2
         326    0.00000   0.00000   0.00000       174
         327    0.00000   0.00000   0.00000         1
         328    0.00000   0.00000   0.00000       119
         329    0.00000   0.00000   0.00000         3
         332    0.00000   0.00000   0.00000         3
         334    0.00000   0.00000   0.00000         4
         338    0.00000   0.00000   0.00000         3
         339    0.00000   0.00000   0.00000         3
         340    0.00000   0.00000   0.00000         1
         342    0.00000   0.00000   0.00000         2
         343    0.16279   0.02954   0.05000       237
         344    0.00000   0.00000   0.00000         2
         346    0.20000   0.11111   0.14286         9
         348    0.00000   0.00000   0.00000         4
         349    0.12500   0.00513   0.00985       195
         350    0.00000   0.00000   0.00000         3
         351    0.16667   0.04444   0.07018        45
         352    0.00000   0.00000   0.00000         1
         355    0.00000   0.00000   0.00000        12
         357    0.00000   0.00000   0.00000         2
         360    0.98276   0.27670   0.43182       206
         365    0.00000   0.00000   0.00000         1
         366    0.90625   0.14796   0.25439       196
         372    0.00000   0.00000   0.00000         1
         375    0.00000   0.00000   0.00000        35
         376    0.50000   0.00510   0.01010       196
         379    0.00000   0.00000   0.00000         1
         382    0.00000   0.00000   0.00000         1
         383    0.00000   0.00000   0.00000         1
         384    0.70370   0.23030   0.34703       165
         385    0.00000   0.00000   0.00000       196
         387    0.00000   0.00000   0.00000         3
         390    0.00000   0.00000   0.00000         9
         391    0.00000   0.00000   0.00000         1
         392    0.35714   0.09091   0.14493        55
         394    0.00000   0.00000   0.00000        12
         396    0.00000   0.00000   0.00000         6
         399    0.00000   0.00000   0.00000        13
         401    0.00000   0.00000   0.00000         1
         402    0.00000   0.00000   0.00000         8
         404    0.00000   0.00000   0.00000       196
         408    0.00000   0.00000   0.00000       103

    accuracy                        0.11169     12732
   macro avg    0.09723   0.03808   0.03886     12732
weighted avg    0.28773   0.11169   0.11029     12732

------------------------------------------
Training File: I:\Lab\Real_Life_Event_Logs\BPI_Challenge_2015_2\data\SplitterByStartingTime\0.3\ReducerByTime\Pasquadibisceglie\inp_log_train_red_02.csv
 Training-Test-Ratio: 03
 Splitter: Time
 Reducer: Time
 Reduction Factor: 80
 Test File: I:\Lab\Real_Life_Event_Logs\BPI_Challenge_2015_2\data\SplitterByStartingTime\0.3\ReducerByTime\Pasquadibisceglie\inp_log_test.csv
              precision    recall  f1-score   support

           2    0.83333   0.71429   0.76923         7
           5    1.00000   1.00000   1.00000         2
           6    1.00000   1.00000   1.00000         1
           7    0.71429   0.96154   0.81967        26
           9    0.85714   1.00000   0.92308         6
          10    1.00000   0.66667   0.80000         3
          13    1.00000   0.88889   0.94118         9
          14    1.00000   0.45455   0.62500        11
          15    1.00000   1.00000   1.00000        19
          16    0.44134   0.84946   0.58088        93
          17    0.48993   0.78495   0.60331        93
          19    1.00000   0.80000   0.88889         5
          21    0.87500   0.77778   0.82353         9
          22    1.00000   1.00000   1.00000         2
          25    0.88462   0.89610   0.89032        77
          26    1.00000   0.92857   0.96296        14
          29    1.00000   0.80000   0.88889        10
          32    1.00000   1.00000   1.00000         2
          34    1.00000   0.60000   0.75000         5
          35    1.00000   1.00000   1.00000         1
          36    1.00000   1.00000   1.00000         1
          37    1.00000   1.00000   1.00000         2
          39    0.98592   0.72917   0.83832        96
          40    1.00000   0.94737   0.97297        19
          41    0.93056   0.73626   0.82209        91
          42    0.72727   0.75472   0.74074        53
          43    0.23443   0.70330   0.35165        91
          44    0.81818   1.00000   0.90000        18
          45    0.27869   0.96226   0.43220        53
          46    0.33333   0.50000   0.40000         2
          47    1.00000   1.00000   1.00000         1
          48    0.50000   0.06897   0.12121        58
          49    0.25862   0.71429   0.37975        21
          50    1.00000   1.00000   1.00000         3
          51    1.00000   0.40000   0.57143         5
          53    0.83562   0.65591   0.73494        93
          55    1.00000   1.00000   1.00000         2
          56    0.87692   0.89764   0.88716       127
          58    1.00000   1.00000   1.00000        15
          59    1.00000   1.00000   1.00000        18
          60    0.87654   0.76344   0.81609        93
          61    0.77778   0.59036   0.67123        83
          63    1.00000   1.00000   1.00000         2
          64    1.00000   1.00000   1.00000         5
          67    0.75000   0.99057   0.85366       106
          68    0.68421   0.80531   0.73984       113
          69    1.00000   0.50000   0.66667         2
          70    1.00000   1.00000   1.00000         3
          71    1.00000   1.00000   1.00000         3
          72    1.00000   0.27273   0.42857        22
          75    1.00000   0.07812   0.14493        64
          77    1.00000   0.84211   0.91429        19
          78    1.00000   1.00000   1.00000         1
          81    0.49405   0.87368   0.63118        95
          82    0.92857   0.24299   0.38519       107
          84    1.00000   1.00000   1.00000         1
          87    1.00000   0.44444   0.61538         9
          88    1.00000   0.61111   0.75862        18
          90    0.92308   0.92308   0.92308        13
          92    1.00000   1.00000   1.00000         6
          93    0.71605   0.80556   0.75817        72
          98    0.83333   0.60000   0.69767        25
         100    0.90000   0.90000   0.90000        20
         101    1.00000   0.50000   0.66667         2
         103    1.00000   1.00000   1.00000         1
         105    1.00000   1.00000   1.00000         1
         106    1.00000   0.09091   0.16667        22
         108    0.27273   1.00000   0.42857         6
         109    0.83333   1.00000   0.90909         5
         111    0.47857   0.73626   0.58009        91
         112    0.96296   0.49057   0.65000        53
         113    1.00000   1.00000   1.00000         5
         114    1.00000   0.94737   0.97297        19
         117    1.00000   1.00000   1.00000         1
         118    1.00000   1.00000   1.00000         1
         119    0.79646   0.96774   0.87379        93
         121    0.90909   0.95238   0.93023        21
         123    1.00000   1.00000   1.00000         1
         124    1.00000   1.00000   1.00000         1
         125    1.00000   0.37500   0.54545         8
         126    1.00000   1.00000   1.00000         1
         127    0.97333   0.78495   0.86905        93
         131    1.00000   1.00000   1.00000         1
         132    0.85714   0.85714   0.85714         7
         133    1.00000   0.77778   0.87500         9
         134    1.00000   0.66667   0.80000         6
         135    1.00000   1.00000   1.00000         1
         136    0.00000   0.00000   0.00000         2
         137    1.00000   1.00000   1.00000         2
         139    1.00000   1.00000   1.00000         2
         143    1.00000   1.00000   1.00000         3
         146    0.75000   0.82895   0.78750        76
         147    1.00000   1.00000   1.00000         1
         149    0.80000   0.80000   0.80000         5
         151    1.00000   1.00000   1.00000         3
         152    0.90141   0.84211   0.87075        76
         154    0.85714   1.00000   0.92308        18
         155    0.93421   0.93421   0.93421        76
         159    0.54737   0.49057   0.51741       106
         160    0.81818   0.58065   0.67925        93
         161    1.00000   1.00000   1.00000         1
         162    1.00000   1.00000   1.00000         3
         164    0.43137   0.79279   0.55873       111
         165    0.71429   0.83333   0.76923         6
         166    1.00000   1.00000   1.00000         1
         167    0.83333   0.78947   0.81081        19
         168    0.98684   0.78125   0.87209        96
         169    1.00000   1.00000   1.00000         5
         170    0.87356   0.72381   0.79167       105
         171    0.66667   0.85714   0.75000         7
         173    0.79268   0.92857   0.85526        70
         175    1.00000   0.94737   0.97297        19
         176    1.00000   1.00000   1.00000         5
         177    1.00000   0.33333   0.50000         3
         178    1.00000   1.00000   1.00000         6
         180    1.00000   0.83333   0.90909         6
         185    1.00000   1.00000   1.00000         1
         186    0.94737   1.00000   0.97297        18
         188    0.83333   0.71429   0.76923         7
         189    1.00000   0.33333   0.50000         3
         190    0.94737   0.94737   0.94737        19
         191    1.00000   1.00000   1.00000         1
         192    0.93056   0.71277   0.80723        94
         193    0.85714   0.85714   0.85714         7
         196    1.00000   1.00000   1.00000         3
         199    1.00000   0.88889   0.94118         9
         200    1.00000   0.52083   0.68493        96
         201    0.80357   0.91837   0.85714        49
         202    1.00000   0.40000   0.57143        85
         203    0.00000   0.00000   0.00000         1
         205    0.89873   0.73958   0.81143        96
         206    0.78049   0.68817   0.73143        93
         209    0.76829   0.65625   0.70787        96
         210    1.00000   0.16667   0.28571         6
         212    0.44099   0.64545   0.52399       110
         214    0.57143   0.88889   0.69565        18
         215    0.39181   0.57265   0.46528       117
         216    1.00000   0.94737   0.97297        19
         217    0.83750   0.73626   0.78363        91
         222    0.75000   0.85714   0.80000         7
         223    1.00000   0.93333   0.96552        15
         225    1.00000   0.04348   0.08333        23
         227    1.00000   1.00000   1.00000         1
         228    1.00000   1.00000   1.00000         5
         229    1.00000   1.00000   1.00000         2
         230    0.97260   0.82558   0.89308        86
         233    1.00000   0.76923   0.86957        13
         234    1.00000   1.00000   1.00000         3
         236    0.00000   0.00000   0.00000         1
         238    0.94444   0.94444   0.94444        18
         239    0.88764   0.68696   0.77451       115
         240    1.00000   0.66667   0.80000         6
         241    0.83333   0.71429   0.76923         7
         244    1.00000   1.00000   1.00000         3
         245    1.00000   1.00000   1.00000         1
         246    0.37500   0.60000   0.46154         5
         250    1.00000   1.00000   1.00000         1
         252    1.00000   0.22222   0.36364         9
         253    0.71429   0.71429   0.71429         7
         257    1.00000   0.70000   0.82353        10
         259    1.00000   0.80000   0.88889        20
         260    0.78261   0.40000   0.52941        45
         261    1.00000   0.60000   0.75000         5
         262    0.83333   0.80645   0.81967        93
         263    0.67857   0.73077   0.70370        26
         265    1.00000   1.00000   1.00000        18
         267    0.75949   0.72289   0.74074        83
         268    0.00000   0.00000   0.00000         1
         269    1.00000   1.00000   1.00000         5
         274    1.00000   1.00000   1.00000         1
         276    1.00000   1.00000   1.00000         5
         277    0.87500   0.77778   0.82353         9
         282    1.00000   1.00000   1.00000         6
         283    0.77778   0.70000   0.73684        10
         284    1.00000   1.00000   1.00000         1
         285    1.00000   1.00000   1.00000        18
         286    1.00000   1.00000   1.00000         1
         287    0.76923   0.18868   0.30303        53
         288    0.54745   0.77320   0.64103        97
         290    1.00000   1.00000   1.00000         1
         291    1.00000   1.00000   1.00000         6
         292    1.00000   0.82353   0.90323        17
         293    1.00000   1.00000   1.00000         1
         295    1.00000   1.00000   1.00000         1
         296    0.86364   0.90476   0.88372        21
         297    1.00000   0.78947   0.88235        19
         298    1.00000   1.00000   1.00000         1
         300    1.00000   1.00000   1.00000         2
         302    0.77273   0.73913   0.75556        92
         304    1.00000   0.70000   0.82353        10
         307    1.00000   1.00000   1.00000         3
         308    1.00000   0.71429   0.83333        21
         310    0.78824   0.60360   0.68367       111
         314    1.00000   0.03226   0.06250        93
         315    1.00000   0.04545   0.08696        22
         317    0.53846   1.00000   0.70000         7
         318    1.00000   1.00000   1.00000         1
         322    0.47826   0.80208   0.59922        96
         324    0.67045   0.67816   0.67429        87
         326    0.79518   0.70968   0.75000        93
         328    0.42188   0.61364   0.50000        44
         329    1.00000   1.00000   1.00000         5
         330    1.00000   1.00000   1.00000         3
         332    1.00000   0.85714   0.92308         7
         333    1.00000   1.00000   1.00000         3
         334    1.00000   1.00000   1.00000         2
         336    1.00000   1.00000   1.00000         1
         338    1.00000   0.80000   0.88889         5
         340    1.00000   1.00000   1.00000         3
         342    1.00000   1.00000   1.00000         1
         343    0.78302   0.75455   0.76852       110
         346    0.40000   0.57143   0.47059         7
         349    0.86957   0.65934   0.75000        91
         350    1.00000   0.83333   0.90909         6
         351    0.88462   0.95833   0.92000        24
         355    1.00000   0.83333   0.90909        18
         357    1.00000   1.00000   1.00000         5
         358    1.00000   1.00000   1.00000         1
         360    0.97674   0.87500   0.92308        96
         366    0.98795   0.90110   0.94253        91
         367    1.00000   1.00000   1.00000         1
         375    0.00000   0.00000   0.00000        10
         376    0.84000   0.69231   0.75904        91
         377    1.00000   1.00000   1.00000         5
         379    1.00000   1.00000   1.00000         1
         381    1.00000   1.00000   1.00000         5
         382    1.00000   1.00000   1.00000         1
         383    1.00000   1.00000   1.00000         3
         384    0.75510   0.85057   0.80000        87
         385    0.92424   0.67033   0.77707        91
         386    1.00000   1.00000   1.00000         5
         387    1.00000   1.00000   1.00000         5
         390    1.00000   0.71429   0.83333         7
         392    0.88889   0.92308   0.90566        26
         394    1.00000   0.94444   0.97143        18
         396    1.00000   1.00000   1.00000         1
         398    1.00000   1.00000   1.00000         1
         399    0.94118   0.84211   0.88889        19
         402    0.00000   0.00000   0.00000         2
         404    0.83750   0.73626   0.78363        91
         405    1.00000   1.00000   1.00000         1
         406    1.00000   0.50000   0.66667         2

    accuracy                        0.71970      6996
   macro avg    0.87470   0.79944   0.80895      6996
weighted avg    0.79328   0.71970   0.71850      6996

Accuracy on test data: 0.2760760188102722
Loss on test data: 4.636971440886013              precision    recall  f1-score   support

           2    0.07143   0.11111   0.08696         9
           3    0.00000   0.00000   0.00000        18
           5    0.00000   0.00000   0.00000         4
           7    0.15464   0.28846   0.20134        52
           9    0.00000   0.00000   0.00000         3
          13    0.66667   0.18182   0.28571        11
          14    0.00000   0.00000   0.00000        11
          15    0.62500   0.35714   0.45455        14
          16    0.21941   0.59770   0.32099       174
          17    0.16471   0.42211   0.23695       199
          19    0.50000   0.33333   0.40000         3
          21    0.50000   0.18182   0.26667        11
          22    0.00000   0.00000   0.00000        31
          25    0.87821   0.71728   0.78963       191
          26    0.28571   0.66667   0.40000         3
          27    0.00000   0.00000   0.00000         1
          29    0.60000   0.27273   0.37500        11
          34    0.00000   0.00000   0.00000         3
          39    0.98630   0.69903   0.81818       206
          40    0.33333   0.14286   0.20000        14
          41    0.56250   0.18367   0.27692       196
          42    0.00000   0.00000   0.00000        30
          43    0.07001   0.34184   0.11622       196
          44    0.30769   0.36364   0.33333        11
          45    0.10084   0.40000   0.16107        30
          48    0.15789   0.01395   0.02564       215
          49    0.00000   0.00000   0.00000         0
          50    0.00000   0.00000   0.00000         1
          51    0.00000   0.00000   0.00000         2
          53    0.18605   0.03980   0.06557       201
          56    0.73160   0.64015   0.68283       264
          57    0.00000   0.00000   0.00000         8
          58    0.50000   0.10000   0.16667        10
          59    0.00000   0.00000   0.00000        13
          60    0.39130   0.40909   0.40000       198
          61    0.06061   0.02062   0.03077       194
          62    0.00000   0.00000   0.00000         1
          64    0.00000   0.00000   0.00000         2
          65    0.00000   0.00000   0.00000         1
          67    0.63725   0.91549   0.75145       213
          68    0.53237   0.74000   0.61925       100
          69    0.00000   0.00000   0.00000        11
          70    0.00000   0.00000   0.00000         0
          72    0.00000   0.00000   0.00000       153
          75    0.00000   0.00000   0.00000       103
          77    0.20000   0.07143   0.10526        14
          78    0.00000   0.00000   0.00000         2
          81    0.07832   0.42574   0.13231       101
          82    0.44498   0.39744   0.41986       234
          83    0.00000   0.00000   0.00000         7
          87    0.20000   0.09091   0.12500        11
          88    0.00000   0.00000   0.00000        11
          90    0.00000   0.00000   0.00000        22
          92    0.00000   0.00000   0.00000         3
          93    0.44355   0.70513   0.54455       156
          98    0.59459   0.42308   0.49438        52
         100    0.20000   0.06667   0.10000        15
         101    0.00000   0.00000   0.00000         4
         102    0.00000   0.00000   0.00000         2
         103    0.00000   0.00000   0.00000         1
         107    0.00000   0.00000   0.00000         1
         108    0.00000   0.00000   0.00000         0
         109    0.00000   0.00000   0.00000         3
         111    0.13198   0.40000   0.19847       195
         112    0.00000   0.00000   0.00000        30
         113    0.00000   0.00000   0.00000         3
         114    0.66667   0.30769   0.42105        13
         116    0.00000   0.00000   0.00000         1
         117    0.00000   0.00000   0.00000         3
         118    0.00000   0.00000   0.00000         2
         119    0.72803   0.87437   0.79452       199
         121    0.73684   0.37838   0.50000        37
         122    0.00000   0.00000   0.00000         1
         123    0.00000   0.00000   0.00000        36
         124    0.00000   0.00000   0.00000         2
         127    0.84211   0.15534   0.26230       206
         132    0.62500   0.55556   0.58824         9
         133    0.00000   0.00000   0.00000        11
         134    0.33333   0.37500   0.35294         8
         136    0.00000   0.00000   0.00000         8
         138    0.00000   0.00000   0.00000        17
         142    0.00000   0.00000   0.00000       111
         144    0.00000   0.00000   0.00000         1
         146    0.10687   0.41176   0.16970        34
         147    0.00000   0.00000   0.00000         2
         152    0.30894   0.54286   0.39378        70
         154    0.33333   0.09091   0.14286        11
         155    0.95954   0.87368   0.91460       190
         159    0.12865   0.09692   0.11055       227
         160    0.27451   0.08046   0.12444       174
         164    0.24807   0.78776   0.37732       245
         165    0.66667   0.25000   0.36364         8
         166    0.00000   0.00000   0.00000         1
         167    0.42857   0.23077   0.30000        13
         168    0.68696   0.38350   0.49221       206
         170    0.63636   0.24889   0.35783       225
         171    0.50000   0.33333   0.40000         9
         172    0.00000   0.00000   0.00000         1
         173    0.00000   0.00000   0.00000         0
         174    0.00000   0.00000   0.00000         2
         175    0.50000   0.07143   0.12500        14
         177    0.00000   0.00000   0.00000        56
         178    0.66667   0.20000   0.30769        10
         180    0.00000   0.00000   0.00000         8
         182    0.00000   0.00000   0.00000         1
         185    0.00000   0.00000   0.00000         1
         186    0.40000   0.25000   0.30769         8
         188    0.25000   0.11111   0.15385         9
         190    0.09091   0.07143   0.08000        14
         192    0.15789   0.04478   0.06977       201
         193    1.00000   0.66667   0.80000         9
         196    0.00000   0.00000   0.00000         1
         198    0.00000   0.00000   0.00000         1
         199    1.00000   0.36364   0.53333        11
         200    0.33333   0.02427   0.04525       206
         201    0.00000   0.00000   0.00000        22
         202    0.40909   0.09184   0.15000        98
         203    0.00000   0.00000   0.00000         1
         205    0.14019   0.16129   0.15000       186
         206    0.10366   0.08586   0.09392       198
         209    0.02333   0.07368   0.03544        95
         210    0.00000   0.00000   0.00000        11
         212    0.11060   0.09917   0.10458       242
         214    0.32000   0.72727   0.44444        11
         215    0.02937   0.07661   0.04246       248
         216    0.20000   0.15385   0.17391        13
         217    0.48503   0.41327   0.44628       196
         220    0.00000   0.00000   0.00000         2
         221    0.00000   0.00000   0.00000         1
         222    0.11111   0.11111   0.11111         9
         223    0.00000   0.00000   0.00000        10
         224    0.00000   0.00000   0.00000         3
         225    0.00000   0.00000   0.00000        94
         228    0.00000   0.00000   0.00000         2
         230    0.98592   0.35714   0.52434       196
         233    0.00000   0.00000   0.00000        22
         234    1.00000   1.00000   1.00000         1
         236    0.00000   0.00000   0.00000         1
         238    0.10714   0.25000   0.15000        12
         239    0.35938   0.47423   0.40889        97
         240    1.00000   0.18182   0.30769        11
         241    0.09091   0.11111   0.10000         9
         242    0.00000   0.00000   0.00000         2
         244    0.00000   0.00000   0.00000         1
         246    0.50000   0.14286   0.22222         7
         250    0.00000   0.00000   0.00000         1
         251    0.00000   0.00000   0.00000         1
         252    0.17647   0.06667   0.09677        45
         253    0.00000   0.00000   0.00000         9
         257    0.50000   0.09091   0.15385        11
         259    1.00000   0.06667   0.12500        15
         260    0.24242   0.06723   0.10526       119
         261    0.00000   0.00000   0.00000         7
         262    0.91304   0.63000   0.74556       200
         263    0.37037   0.17857   0.24096        56
         265    0.00000   0.00000   0.00000        12
         267    0.15287   0.12371   0.13675       194
         270    0.00000   0.00000   0.00000         1
         271    0.00000   0.00000   0.00000         1
         272    0.00000   0.00000   0.00000         1
         274    0.00000   0.00000   0.00000         6
         276    1.00000   0.50000   0.66667         2
         277    0.20000   0.09091   0.12500        11
         279    0.00000   0.00000   0.00000         1
         283    0.25000   0.18182   0.21053        11
         285    1.00000   0.66667   0.80000        12
         286    0.00000   0.00000   0.00000         2
         287    0.00000   0.00000   0.00000        12
         288    0.15181   0.30583   0.20290       206
         291    0.00000   0.00000   0.00000         3
         292    0.00000   0.00000   0.00000        10
         293    0.00000   0.00000   0.00000         3
         296    0.16667   0.27027   0.20619        37
         297    0.00000   0.00000   0.00000        14
         302    0.31613   0.28161   0.29787       174
         304    0.00000   0.00000   0.00000        11
         305    0.00000   0.00000   0.00000         1
         308    0.00000   0.00000   0.00000        37
         310    0.20000   0.00866   0.01660       231
         314    0.00000   0.00000   0.00000       174
         315    0.00000   0.00000   0.00000        91
         317    0.01835   0.66667   0.03571         3
         318    0.00000   0.00000   0.00000         1
         319    0.00000   0.00000   0.00000         1
         322    0.12782   0.45699   0.19976       186
         324    0.17284   0.08485   0.11382       165
         325    0.00000   0.00000   0.00000         2
         326    0.24138   0.04023   0.06897       174
         327    0.00000   0.00000   0.00000         1
         328    0.09220   0.21849   0.12968       119
         329    0.00000   0.00000   0.00000         3
         332    1.00000   0.33333   0.50000         3
         334    0.00000   0.00000   0.00000         4
         338    0.00000   0.00000   0.00000         3
         339    0.00000   0.00000   0.00000         3
         340    0.00000   0.00000   0.00000         1
         342    0.00000   0.00000   0.00000         2
         343    0.32432   0.05063   0.08759       237
         344    0.00000   0.00000   0.00000         2
         346    0.00000   0.00000   0.00000         9
         348    0.00000   0.00000   0.00000         4
         349    0.39098   0.26667   0.31707       195
         350    1.00000   0.33333   0.50000         3
         351    0.10667   0.17778   0.13333        45
         352    0.00000   0.00000   0.00000         1
         355    0.40000   0.16667   0.23529        12
         357    0.00000   0.00000   0.00000         2
         360    0.95714   0.65049   0.77457       206
         365    0.00000   0.00000   0.00000         1
         366    0.96000   0.24490   0.39024       196
         372    0.00000   0.00000   0.00000         1
         375    0.00000   0.00000   0.00000        35
         376    0.22619   0.09694   0.13571       196
         379    0.00000   0.00000   0.00000         1
         382    0.00000   0.00000   0.00000         1
         383    0.00000   0.00000   0.00000         1
         384    0.48227   0.41212   0.44444       165
         385    0.31034   0.04592   0.08000       196
         387    0.00000   0.00000   0.00000         3
         390    0.75000   0.33333   0.46154         9
         391    0.00000   0.00000   0.00000         1
         392    0.57143   0.29091   0.38554        55
         394    0.00000   0.00000   0.00000        12
         396    0.00000   0.00000   0.00000         6
         399    0.26087   0.46154   0.33333        13
         401    0.00000   0.00000   0.00000         1
         402    0.00000   0.00000   0.00000         8
         404    0.26087   0.06122   0.09917       196
         408    0.00000   0.00000   0.00000       103

    accuracy                        0.27608     12732
   macro avg    0.20697   0.14819   0.14889     12732
weighted avg    0.34698   0.27608   0.26702     12732

------------------------------------------
